ENVI ASCII Plot File [Sun Dec 03 20:12:45 2017]
Column 1: Wavelength
Column 2: IACRS1_F00008.asd.ref.txt:C2~~2
  0.395270   0.047856
  0.399720   0.043325
  0.403890   0.040157
  0.408260   0.037591
  0.412480   0.035439
  0.416670   0.033354
  0.421300   0.031584
  0.425720   0.030283
  0.430150   0.029202
  0.434580   0.028365
  0.439070   0.027584
  0.443590   0.026792
  0.448090   0.025973
  0.452610   0.025234
  0.457120   0.024488
  0.461630   0.023824
  0.466140   0.023166
  0.470650   0.022609
  0.475170   0.022029
  0.479670   0.021592
  0.484170   0.021143
  0.488690   0.020747
  0.493190   0.020521
  0.497680   0.020291
  0.502300   0.020101
  0.506810   0.019997
  0.511300   0.019816
  0.515730   0.019638
  0.520080   0.019480
  0.524760   0.019261
  0.529270   0.019211
  0.533770   0.019165
  0.538280   0.019317
  0.542800   0.019499
  0.547370   0.019699
  0.552050   0.020099
  0.556710   0.020883
  0.561380   0.022078
  0.566040   0.024082
  0.570710   0.027394
  0.575370   0.032668
  0.580040   0.041162
  0.584710   0.053673
  0.589380   0.072609
  0.594030   0.097715
  0.598490   0.129976
  0.603240   0.173845
  0.608100   0.228525
  0.612980   0.291523
  0.617580   0.355421
  0.621980   0.415163
  0.626630   0.473331
  0.631270   0.521714
  0.635920   0.559422
  0.640560   0.588097
  0.645210   0.609727
  0.649860   0.625784
  0.654510   0.637367
  0.659170   0.644095
  0.663820   0.647140
  0.668480   0.646965
  0.673120   0.644424
  0.677780   0.642891
  0.682420   0.644906
  0.687070   0.650820
  0.691740   0.654056
  0.696680   0.656637
  0.700600   0.658049
  0.705470   0.659106
  0.710260   0.659831
  0.715030   0.660878
  0.720000   0.662023
  0.724570   0.662320
  0.729280   0.662417
  0.733990   0.662402
  0.738700   0.662464
  0.743400   0.662557
  0.748120   0.662642
  0.752930   0.662624
  0.757750   0.664030
  0.762570   0.664607
  0.767410   0.662088
  0.772240   0.661429
  0.777070   0.661281
  0.781900   0.660968
  0.786730   0.660412
  0.791570   0.660258
  0.796400   0.660360
  0.801270   0.660017
  0.806010   0.659810
  0.810730   0.659589
  0.815650   0.659465
  0.820650   0.659088
  0.825310   0.658969
  0.830100   0.658963
  0.834900   0.658833
  0.839690   0.658758
  0.844500   0.658424
  0.849290   0.658174
  0.854090   0.657848
  0.858880   0.657330
  0.863690   0.656862
  0.868480   0.657111
  0.873280   0.657482
  0.878080   0.657228
  0.882880   0.657080
  0.887680   0.656946
  0.892470   0.657100
  0.897280   0.656562
  0.902070   0.655901
  0.906880   0.655889
  0.911680   0.655769
  0.916500   0.655824
  0.921320   0.656222
  0.926140   0.655971
  0.930950   0.654526
  0.935780   0.651720
  0.942330   0.652185
  0.948690   0.651560
  0.956030   0.651513
  0.962210   0.651824
  0.968400   0.652660
  0.974580   0.652964
  0.980770   0.654279
  0.986960   0.655621
  0.993160   0.655296
  0.999360   0.655245
  1.005560   0.655658
  1.012030   0.655591
  1.018490   0.655385
  1.024970   0.655229
  1.031450   0.655838
  1.037940   0.656231
  1.044410   0.656534
  1.050900   0.656880
  1.057120   0.657294
  1.063250   0.657365
  1.069390   0.658009
  1.075540   0.658405
  1.081680   0.658522
  1.087820   0.658381
  1.093960   0.658144
  1.100200   0.657093
  1.106440   0.655467
  1.112960   0.652434
  1.119480   0.646457
  1.126000   0.639620
  1.132530   0.638676
  1.139050   0.642130
  1.145580   0.644048
  1.152110   0.642951
  1.158360   0.640826
  1.164450   0.638466
  1.170540   0.636228
  1.176650   0.634697
  1.182740   0.634889
  1.188840   0.637061
  1.194940   0.639788
  1.201210   0.642217
  1.207500   0.643926
  1.213800   0.645619
  1.220100   0.647720
  1.226390   0.650326
  1.232700   0.652424
  1.239000   0.654449
  1.245310   0.655691
  1.251590   0.656424
  1.257830   0.657226
  1.264090   0.657798
  1.270330   0.658413
  1.276590   0.658904
  1.282840   0.659043
  1.289100   0.659412
  1.295360   0.659337
  1.301640   0.659239
  1.308080   0.658676
  1.314510   0.657563
  1.320950   0.656118
  1.327380   0.654390
  1.333830   0.652072
  1.340260   0.649783
  1.346710   0.644720
  1.353010   0.634039
  1.359240   0.635975
  1.365460   0.433907
  1.371700   1.231369
  1.377920   0.471480
  1.384160   0.332960
  1.390390   0.645241
  1.396630   0.635116
  1.402950   0.601808
  1.409300   0.585027
  1.415650   0.582030
  1.422000   0.580940
  1.428360   0.579947
  1.434720   0.582966
  1.441070   0.586227
  1.447440   0.588236
  1.453760   0.589442
  1.460200   0.591376
  1.466640   0.592145
  1.473080   0.594534
  1.479510   0.597606
  1.485950   0.601048
  1.492390   0.602954
  1.498830   0.604719
  1.505170   0.606425
  1.511380   0.608057
  1.517600   0.609932
  1.523810   0.611401
  1.530030   0.612527
  1.536240   0.613864
  1.542460   0.615262
  1.548680   0.616644
  1.555010   0.618072
  1.561300   0.619386
  1.567600   0.620576
  1.573880   0.621440
  1.580180   0.622084
  1.586480   0.622371
  1.592780   0.622380
  1.599070   0.621858
  1.605410   0.619864
  1.611670   0.616548
  1.617930   0.612838
  1.624190   0.608263
  1.630460   0.600030
  1.636730   0.582669
  1.642990   0.553575
  1.649260   0.517843
  1.655610   0.485869
  1.662080   0.474871
  1.668560   0.489087
  1.675040   0.507598
  1.681520   0.520002
  1.688000   0.531659
  1.694490   0.540747
  1.700960   0.540840
  1.707300   0.536831
  1.713300   0.533130
  1.719290   0.527903
  1.725290   0.521299
  1.731290   0.517772
  1.737300   0.521799
  1.743290   0.530582
  1.749290   0.538189
  1.755650   0.544346
  1.762050   0.550253
  1.768470   0.556686
  1.774870   0.562968
  1.781280   0.566776
  1.787690   0.566965
  1.794100   0.564161
  1.800510   0.559443
  1.806860   0.553145
  1.813290   0.552902
  1.819710   0.558645
  1.826140   1.167812
  1.832570   2.591750
  1.839000  -0.227645
  1.845420   1.581789
  1.851850   2.900222
  1.858200   0.755209
  1.864670   0.302036
  1.871140   0.588278
  1.877600   0.223805
  1.884080  -0.098286
  1.890540   0.116792
  1.897010   1.226031
  1.903480   0.160857
  1.909820   0.068398
  1.915950   0.671059
  1.922090   0.477049
  1.928220   0.422045
  1.934370   0.514764
  1.940500   0.530127
  1.946640   0.495947
  1.952770   0.501725
  1.959120   0.518789
  1.965320   0.529785
  1.971530   0.538032
  1.977740   0.543424
  1.983930   0.542332
  1.990140   0.542632
  1.996340   0.542660
  2.002550   0.543132
  2.008890   0.546091
  2.015230   0.547669
  2.021550   0.549464
  2.027890   0.551676
  2.034220   0.552617
  2.040550   0.551760
  2.046880   0.548451
  2.053220   0.546680
  2.059510   0.545969
  2.065810   0.545166
  2.072100   0.534077
  2.078390   0.525780
  2.084690   0.522537
  2.090980   0.523632
  2.097270   0.527296
  2.103610   0.518747
  2.109950   0.501105
  2.116280   0.479739
  2.122620   0.456818
  2.128960   0.439982
  2.135300   0.443504
  2.141630   0.455897
  2.147970   0.460560
  2.154300   0.452170
  2.160450   0.455831
  2.166610   0.475659
  2.172760   0.481888
  2.178910   0.473123
  2.185050   0.471800
  2.191210   0.483750
  2.197360   0.490755
  2.203500   0.491234
  2.209820   0.481297
  2.216170   0.464358
  2.222530   0.442081
  2.228880   0.408880
  2.235230   0.373065
  2.241580   0.337701
  2.247930   0.315785
  2.254280   0.295344
  2.260590   0.288365
  2.266840   0.285789
  2.273090   0.292208
  2.279340   0.305131
  2.285570   0.320019
  2.291820   0.323882
  2.298060   0.318300
  2.304310   0.318158
  2.310600   0.306842
  2.316810   0.299860
  2.323020   0.291491
  2.329230   0.278017
  2.335450   0.270972
  2.341660   0.287784
  2.347870   0.297761
  2.354080   0.286858
  2.360370   0.293253
  2.367190   0.300953
  2.374000   0.302544
  2.380820   0.313767
  2.387630   0.284722
  2.394440   0.297853
  2.401250   0.299539
  2.407530   0.303095
  2.413770   0.342052
  2.420010   0.316548
  2.426250   0.305502
  2.432480   0.308184
  2.438710   0.277645
  2.444950   0.199117
  2.451180   0.179613
  2.457440   0.201577
  2.463700   0.314457
  2.469960   0.289023
